6
311 209 109 209 8 10 
2
19
-2 -2 -2 -2 -2 -2 -2 -2 -2 -2 -2 -2 -2 -1 -1 
-1 1 -2 3 4 112 210 7 112 9 201 11 12 -1 -1 
-1 309 5 1 204 105 414 108 11 109 110 303 208 -1 -1 
200 205 301 211 312 105 2 107 413 307 4 111 8 -1 -1 
-1 201 202 203 204 111 206 207 308 12 210 413 212 -1 -1 
100 10 103 203 108 205 206 207 311 0 110 106 212 -1 -1 
-1 302 102 305 304 306 306 102 308 101 310 107 413 -1 -1 
300 301 302 303 304 6 309 7 104 6 310 208 104 -1 -1 
414 103 307 305 211 414 414 312 -1 -1 -1 -1 -1 -1 -1 
7
202 3 5 413 9 101 106 
3 0 2 0 0 0 0 0 0 0 0 0 0 0 0 0 0 0 0 0 0 0 0 0 0 0 0 0 0 0 0 0 0 0 0 0 0 0 0 0 0 0 0 0 0 0 0 0 0 0 0 0 0 0 0 0 0 0 0 0 0 0 0 0 0 0 0 0 0 0 0 0 0 0 0 0 0 0 0 0 0 0 0 0 0 0 0 0 0 0 0 0 0 0 0 0 0 0 0 0 0 0 0 0 0 0 0 0 
2
2
0
